gage
10250600
10250800
10251215
10251220
10251243
10251248
10251249
10251250
1025125372
10251255
10251258
10251259
10251300
10251330
10251375
10253320
10253350
10253600
10254050
10255700
10255800
10255805
10255810
10255850
10255885
10256000
10256200
10256300
10256400
10256500
10257500
10257550
10257600
10257720
10257800
10258000
10258500
10259000
10259050
10259100
10259200
10259300
10259540
10260200
10260400
10260480
10260500
10260550
10260650
10260700
10260820
10260865
10260950
10261000
10261100
10261500
10261900
10262000
10262500
10263000
10263500
10263630
10263665
10263675
10264000
10264100
10264590
10264600
10264605
10264658
10264682
10264710
10264740
10264750
10264770
10264870
10265150
10265160
10265200
10265500
10268000
10270800
10270830
10270872
10270877
10270885
10270940
10270960
10271200
10276000
10276500
10277000
10277400
10277500
10278000
10278500
10281500
10281800
10285500
10285700
10286000
10287069
10287262
10287281
10287289
10287400
10287655
10287720
10287770
10287780
10287900
10354000
10354700
10355000
10356500
10357000
10358470
10358500
10359100
10359250
10359300
10360230
10360900
10361000
11012000
11012500
11013000
11013500
11013600
11014000
11014850
11015000
11016000
11016200
11021300
11021500
11022000
11022200
11022350
11022480
11022500
11023000
11023250
11023310
11023320
11023325
11023330
11023340
11023400
11023500
11024500
11025500
11026000
11027000
11027500
11028500
11029000
11029500
11030500
11030730
11031000
11031500
11033000
11035000
11036700
11037700
11038500
11039600
11039800
11040000
11040200
11040500
11040700
11041000
11042000
11042400
11042490
11042520
11042631
11042700
11042800
11042900
11043000
11044000
11044250
11044300
11044350
11044500
11044800
11044900
11045000
11045050
11045300
11045700
11046000
11046090
11046100
11046200
11046250
11046300
11046310
11046350
11046360
11046500
11046530
11046550
11047000
11047200
11047300
11047500
11047700
11048000
11048200
11048500
11048553
11048555
11048600
11051500
11054000
11055000
11055500
11055501
11055800
11056000
11056200
11057500
11058000
11058500
11058600
11059000
11059300
11060400
11062000
11063000
11063500
11063510
11063680
11065801
11066050
11066440
11066460
11067000
11067500
11069300
11069500
11070000
11070020
11070050
11070150
11070210
11070240
11070256
11070262
11070270
11070365
11070375
11070465
11070500
11072000
11072100
11072200
11073000
11073300
11073360
11073440
11073470
11073493
11073495
11073500
11074000
11074500
11075600
11075720
11075755
11075760
11075800
11077000
11077500
11078000
11080000
11080500
11080880
11081000
11081500
11082000
11083500
11084000
11084500
11085000
11086000
11086300
11086400
11086500
11086990
11087020
11087500
11088000
11088500
11089000
11089500
11090000
11090500
11090700
11092000
11092450
11093000
11093490
11093500
11094000
11094500
11095000
11095500
11096500
11097000
11097500
11098000
11098500
11099500
11100000
11100760
11101000
11101080
11101180
11101250
11101380
11101500
11102000
11102300
11102500
11102750
11103500
11104000
11105500
11105510
11105850
11106000
11106400
11106500
11106550
11107000
11107500
11107745
11107770
11107860
11107870
11107922
11108000
11108075
11108080
11108090
11108095
11108130
11108134
11108145
11108500
11109000
11109100
11109200
11109250
11109375
11109395
11109525
11109550
11109600
11109800
11110000
11110500
11111500
11113000
11113500
11114000
11114495
11114500
11115500
11116000
11116500
11116550
11117000
11117500
11117600
11117800
11118000
11118500
11119500
11119530
11119660
11119700
11119750
11119780
11119900
11119940
11120000
11120500
11120510
11120520
11120530
11120550
11120600
11120700
11120800
11121010
11122000
11123500
11124000
11124500
11125000
11125600
11126000
11126500
11127500
11128000
11128250
11128400
11128500
11129000
11129500
11129800
11130000
11130500
11131000
11131500
11132000
11132500
11133000
11133700
11134000
11134800
11135000
11135200
11135250
11135500
11135800
11136000
11136100
11136400
11136480
11136500
11136650
11136800
11137000
11137400
11137500
11137900
11138000
11138100
11138500
11139000
11139350
11139500
11140000
11140585
11141000
11141050
11141150
11141160
11141280
11141300
11141400
11141500
11141600
11142080
11142100
11142200
11142240
11142300
11142500
11142550
11143000
11143200
11143250
11143300
11143500
11144000
11144200
11145000
11145500
11147000
11147040
11147070
11147500
11147600
11147700
11147800
11148000
11148500
11148800
11148900
11149400
11149500
11149650
11149700
11149900
11150000
11150500
11151000
11151300
11151500
11151700
11151870
11152000
11152050
11152300
11152500
11152540
11152570
11152600
11152900
11153000
11153470
11153500
11153650
11153700
11153790
11153900
11154000
11154100
11154200
11154500
11154700
11156000
11156500
11156700
11157500
11158500
11158600
11158900
11159000
11159150
11159200
11159400
11159500
11159690
11159700
11159800
11159940
11160000
11160020
11160060
11160070
11160200
11160300
11160430
11160500
11161000
11161500
11161570
11161590
11161800
11161900
11162000
11162500
11162540
11162570
11162600
11162620
11162630
11162720
11162753
11162940
11163500
11164500
11166000
11166500
11166550
11166575
11166578
11166900
11167000
11167500
11167660
11167800
11168000
11168500
11169000
11169500
11169616
11169800
11170000
11171500
11172000
11172100
11172175
11172500
11172945
11173000
11173200
11173500
11173510
11173575
11174000
11174500
11176000
11176090
11176140
11176145
11176150
11176180
11176200
11176300
11176350
11176400
11176500
11176600
11176900
11179000
11180000
11180500
11180810
11180825
11180900
11180960
11180965
11181000
11181006
11181008
11181040
11181390
11181400
11182100
11182400
11182500
11182800
11183000
11183500
11183600
11184000
11184500
11185000
11185100
11185300
11185350
11185400
11185600
11186000
11186001
11186500
11187000
11188000
11188200
11189500
11189700
11190000
11191000
11192501
11193000
11194000
11195500
11195600
11196000
11196400
11196420
11197250
11197800
11199000
11199500
11200000
11200800
11201456
11201800
11202001
11202710
11202750
11203000
11203100
11203200
11203220
11203500
11203580
11204000
11204100
11204500
11204900
11205000
11206500
11208000
11208001
11208600
11208601
11208620
11208625
11208730
11209500
11209900
11210000
11210100
11210500
11210950
11211300
11211500
11211785
11211790
11212000
11212500
11213000
11213500
11214000
11214200
11214400
11214500
11214600
11214900
11215000
11215500
11216000
11216200
11216500
11216800
11217000
11217500
11218000
11218400
11218500
11219000
11220000
11220500
11221500
11221700
11222000
11224000
11224500
11225000
11226000
11226500
11227000
11228000
11228500
11230000
11230200
11230215
11230500
11230530
11231500
11231700
11232000
11232500
11234500
11234760
11235000
11237000
11237500
11238500
11238600
11239300
11241500
11242000
11242400
11244000
11245000
11245500
11246000
11246500
11246700
11247000
11247500
11248000
11250500
11251000
11251500
11251600
11252500
11253000
11253310
11254000
11255500
11255575
11256000
11257100
11257500
11257700
11258000
11258800
11258900
11258920
11258960
11258980
11259000
11259300
11260001
11260200
11260225
11260480
11260815
11261500
11262800
11263000
11264500
11265000
11265500
11266000
11266500
11267300
11267500
11268000
11268200
11268500
11269300
11270000
11270900
11271290
11271320
11272500
11273400
11274000
11274500
11274550
11274630
11274790
11274800
11275000
11276500
11276900
11277000
11277300
11278000
11278300
11278400
11278500
11279500
11280000
11281000
11281500
11282000
11282500
11283000
11283100
11283200
11283250
11283350
11283500
11284400
11284500
11284700
11285000
11286500
11288000
11289650
11290000
11291500
11292000
11292500
11292615
11292680
11292700
11292900
11293000
11293200
11293372
11293462
11293500
11293650
11294000
11294300
11294400
11294500
11295230
11295270
11295300
11295340
11295400
11296500
11297200
11298000
11298650
11298700
11299500
11299600
11300000
11302000
11302500
11303000
11303500
11304000
11305000
11305500
11306000
11306500
11307000
11307500
11308000
11308500
11308900
11309000
11309500
11311500
11312000
11313472
11313477
11313485
11314500
11315000
11315500
11315900
11316000
11316500
11316600
11316605
11316670
11316700
11316800
11317000
11317500
11318000
11318500
11319500
11321000
11321500
11322000
11323500
11325500
11326300
11327000
11328000
11329000
11329500
11330000
11331000
11331500
11332500
11333000
11333500
11334200
11334300
11334500
11335000
11335655
11335700
11336000
11336500
11336580
11336585
11337500
11337600
11339500
11340500
11341400
11341500
11342000
11342500
11343000
11343500
11344000
11344500
11345500
11346000
11346500
11347500
11348000
11348200
11348500
11349000
11349500
11350500
11351000
11351500
11352000
11352500
11352900
11353500
11353600
11353700
11354500
11355000
11355010
11355500
11358020
11358500
11358700
11359200
11359500
11360500
11361000
11362000
11362500
11362890
11362945
11363000
11363500
11363930
11364000
11364200
11364300
11365000
11365500
11366500
11367200
11367300
11367500
11367700
11367760
11367800
11368000
11368500
11369000
11369500
11370500
11371000
11371500
11372000
11372050
11372060
11372200
11372350
11372700
11373200
11373300
11374000
11374060
11374100
11374305
11374400
11375500
11375700
11375810
11375815
11375820
11375870
11375900
11376000
11376015
11376025
11376038
11376040
11376050
11376120
11376140
11376150
11376420
11376440
11376460
11376550
11377100
11377200
11377500
11378000
11378800
11378860
11379000
11379500
11380000
11380500
11381000
11381500
11381595
11382000
11382090
11382500
11382550
11383000
11383500
11383600
11384000
11384350
11384600
11385000
11385500
11386500
11387000
11387200
11387500
11387800
11388000
11388500
11389000
11389500
11389700
11389720
11389740
11389780
11389950
11390000
11390210
11390500
11390655
11390660
11390672
11391000
11391400
11391460
11391500
11392100
11392500
11393000
11393500
11394000
11394500
11394620
11394800
11395030
11395200
11395300
11396000
11396200
11396300
11396350
11396395
11396400
11397000
11397500
11399500
11400500
11401100
11401112
11401125
11401150
11401165
11401180
11401200
11401300
11401500
11401900
11401920
11401940
11402000
11402500
11403000
11403200
11403530
11404300
11404330
11404380
11404500
11405000
11405120
11405200
11405300
11406000
11406500
11407000
11407150
11407300
11407500
11407700
11407815
11407900
11408500
11408550
11408700
11408850
11408880
11409001
11409300
11409400
11409500
11410000
11410400
11410500
11411000
11411500
11412000
11412500
11413000
11413100
11413300
11413320
11413323
11413500
11413520
11413600
11413700
11413900
11414000
11414100
11414250
11414410
11414450
11414470
11415000
11416500
11417000
11417100
11417500
11417950
11418000
11418500
11419000
11420000
11420500
11420700
11421000
11421500
11421700
11421770
11421790
11422500
11423000
11423500
11424000
11424500
11425000
11425500
11426150
11426400
11426500
11427000
11427500
11427700
11427760
11427960
11428000
11428800
11429500
11430000
11430500
11431000
11431800
11432500
11433040
11433100
11433200
11433260
11433300
11433400
11433500
11433800
11433930
11434000
11435000
11435100
11435500
11436000
11437000
11438000
11439501
11440000
11440500
11441000
11441500
11441750
11441800
11441900
11442000
11442500
11442700
11443500
11444201
11444280
11444500
11445000
11445500
11446000
11446500
11447000
11447030
11447293
11447330
11447360
11447500
11448500
11448900
11449010
11449100
11449350
11449450
11449460
11449500
11450500
11451000
11451100
11451300
11451500
11451520
11451540
11451600
11451690
11451700
11451715
11451720
11451760
11452000
11452500
11453200
11453500
11453550
11453570
11453580
11453600
11454000
11454100
11454500
11455000
11455900
11455950
11456000
11456500
11457000
11458000
11458100
11458200
11458300
11458350
11458433
11458500
11459000
11459150
11459300
11459500
11460000
11460100
11460170
11460400
11460500
11460600
11460750
11460800
11460920
11460940
11461000
11461500
11462000
11462080
11462500
11462700
11463000
11463160
11463170
11463200
11463500
11463682
11463900
11463940
11463980
11464000
11464400
11464500
11464860
11465000
11465050
11465150
11465200
11465350
11465390
11465500
11465660
11465680
11465750
11465800
11466065
11466170
11466200
11466320
11466800
11467000
11467200
11467295
11467485
11467500
11467510
11467553
11467600
11467800
11468000
11468010
11468070
11468092
11468500
11468540
11468600
11468900
11468990
11469000
11469500
11470500
11471500
11471800
11472000
11472150
11472160
11472200
11472500
11472800
11472900
11473000
11473100
11473500
11473530
11473600
11473700
11473800
11473900
11473980
11474400
11474500
11474700
11474750
11474780
11475000
11475100
11475500
11475560
11475610
11475700
11475800
11475940
11476000
11476500
11476600
11476700
11477000
11477475
11477500
11477700
11478000
11478500
11479000
11479500
11479700
11480000
11480390
11480410
11480500
11480750
11480780
11480800
11481000
11481200
11481500
11482000
11482110
11482120
11482125
11482130
11482200
11482468
11482500
11483500
11484000
11489500
11490000
11490500
11491400
11493500
11495800
11497500
11499000
11499100
11501000
11502500
11504000
11504100
11505600
11505700
11507500
11509500
11510500
11510700
11512000
11512500
11514500
11516530
11516600
11516750
11516900
11517000
11517500
11517800
11517900
11517950
11518000
11518050
11518200
11518300
11518600
11519000
11519500
11520000
11520500
11521000
11521500
11522200
11522260
11522300
11522400
11522500
11523000
11523030
11523050
11523200
11523700
11524000
11525500
11525530
11525535
11525540
11525600
11525630
11525655
11525670
11525750
11525800
11525854
11525900
11526000
11526250
11526400
11526500
11527000
11527400
11527500
11528000
11528100
11528200
11528400
11528440
11528500
11528700
11529000
11529500
11529800
11530000
11530020
11530150
11530300
11530500
11531000
11531500
11532000
11532500
11532620
11532700
